14.6435 -91.1384 -40.5363 90.0068 -138.29 -75.3287 
14.9734 -94.3759 -38.8096 89.9362 -136.793 -74.9733 
14.9734 -94.3759 -38.8096 89.9362 -136.793 -74.9733 
15.3073 -97.5697 -37.047 89.9407 -135.324 -74.6793 
15.6646 -100.686 -35.3412 89.9417 -133.909 -74.316 
15.6646 -100.686 -35.3412 89.9417 -133.909 -74.316 
16.0343 -103.719 -33.6941 89.9215 -132.515 -73.983 
16.4212 -106.662 -32.0285 90.0058 -131.216 -73.5539 
16.4212 -106.662 -32.0285 90.0058 -131.216 -73.5539 
16.4212 -106.662 -32.0285 90.0058 -131.216 -73.5539 
15.073 -106.689 -32.0828 89.9439 -131.189 -74.9776 
13.685 -106.649 -32.1444 90.0115 -131.198 -76.2597 
13.685 -106.649 -32.1444 90.0115 -131.198 -76.2597 
12.3229 -106.566 -32.1816 89.9393 -131.225 -77.6857 
10.9445 -106.4 -32.2155 89.9393 -131.32 -79.028 
10.9445 -106.4 -32.2155 89.9393 -131.32 -79.028 
9.55189 -106.131 -32.4578 89.9683 -131.417 -80.3962 
8.17059 -105.83 -32.6316 89.9549 -131.546 -81.8094 
157.714 108.733 -149.001 -89.9459 -49.7473 -112.237 
8.57447 -111.623 -29.3282 90.034 -128.999 -81.4257 
8.80748 -27.0033 -253.676 -89.993 -169.252 98.7632 
8.80748 -27.0033 -253.676 -89.993 -169.252 98.7632 
10.2986 -114.743 -27.6299 89.9508 -127.626 -79.7064 
159.405 28.9299 72.7173 89.9983 -11.6911 69.4409 
159.405 28.9299 72.7173 89.9983 -11.6911 69.4409 
13.2833 -29.5562 -252.42 -90.0442 -168 103.285 
162.284 29.9662 72.1906 89.973 -12.2053 72.3339 
162.284 29.9662 72.1906 89.973 -12.2053 72.3339 
16.2644 -115.343 -27.162 89.9376 -127.413 -73.702 
165.216 115.316 -152.789 -89.9311 -52.5986 -104.791 
165.216 115.316 -152.789 -89.9311 -52.5986 -104.791 
19.1496 -115.183 -27.3366 89.982 -127.45 -70.8376 
20.5915 -28.9531 -252.698 -90.0144 -168.294 110.555 
21.1472 -37.2514 -248.521 -90.0062 -164.209 111.123 
21.7398 -44.1945 -244.947 -89.9514 -160.778 111.795 
21.7398 -44.1945 -244.947 -89.9514 -160.778 111.795 
22.3486 -50.125 -241.958 -89.947 -157.891 112.399 
22.9893 -125.952 -21.0663 89.9912 -122.973 -66.9752 
21.423 -55.8914 -238.962 -89.9487 -155.091 111.387 
163.479 126.31 -159.211 -90.0294 -57.1556 -106.493 
163.479 126.31 -159.211 -90.0294 -57.1556 -106.493 
161.847 126.318 -159.18 -89.9999 -57.1644 -108.156 
16.5192 -126.278 -20.8801 90.0252 -122.833 -73.4644 
16.5192 -126.278 -20.8801 90.0252 -122.833 -73.4644 
14.8582 -55.8791 -238.961 -89.9647 -155.085 104.83 
14.8582 -55.8791 -238.961 -89.9647 -155.085 104.83 
157.962 60.809 56.4512 89.9908 -27.2814 67.9161 
167.8 91.1556 -139.487 -90.0319 -41.715 -102.177 
14.9812 -94.3948 -38.8237 89.9406 -136.772 -75.0525 
14.9812 -94.3948 -38.8237 89.9406 -136.772 -75.0525 
15.3088 -97.5628 -37.1265 89.9686 -135.297 -74.7439 
15.6572 -100.657 -35.3864 89.9391 -133.901 -74.2904 
15.6572 -100.657 -35.3864 89.9391 -133.901 -74.2904 
16.0373 -103.687 -33.7919 89.9433 -132.529 -73.9673 
16.4151 -106.647 -32.1564 90.0151 -131.184 -73.6326 
16.4151 -106.647 -32.1564 90.0151 -131.184 -73.6326 
16.4151 -106.647 -32.1564 90.0151 -131.184 -73.6326 
164.931 106.704 -147.894 -89.9348 -48.8344 -105.033 
13.6893 -106.651 -32.1671 89.9814 -131.189 -76.2847 
13.6893 -106.651 -32.1671 89.9814 -131.189 -76.2847 
162.225 106.59 -147.852 -89.9326 -48.7722 -107.756 
10.9416 -106.385 -32.2473 89.9711 -131.309 -79.1014 
10.9416 -106.385 -32.2473 89.9711 -131.309 -79.1014 
9.53735 -106.144 -32.2973 90.0258 -131.461 -80.5119 
8.15143 -105.797 -32.6146 90.026 -131.582 -81.8796 
157.747 108.726 -149.006 -90.0361 -49.7412 -112.251 
8.59389 -111.649 -29.299 89.9495 -128.995 -81.3641 
8.82325 -114.446 -27.6557 89.9357 -127.804 -81.227 
8.82325 -114.446 -27.6557 89.9357 -127.804 -81.227 
10.315 -114.736 -27.6041 89.9512 -127.644 -79.7002 
11.814 -115.022 -27.4051 89.9441 -127.515 -78.1656 
11.814 -115.022 -27.4051 89.9441 -127.515 -78.1656 
160.846 115.159 -152.599 -90.0138 -52.5538 -109.137 
14.7919 -115.32 -27.2492 89.9458 -127.396 -75.2336 
14.7919 -115.32 -27.2492 89.9458 -127.396 -75.2336 
16.2601 -115.356 -27.1952 89.9288 -127.393 -73.6933 
17.6995 -115.265 -27.3228 90.0233 -127.413 -72.2937 
17.6995 -115.265 -27.3228 90.0233 -127.413 -72.2937 
19.1749 -115.186 -27.4186 89.9582 -127.411 -70.7852 
168.193 29.0454 72.6174 90.0055 -11.756 78.1546 
21.1536 -117.781 -25.8673 89.9701 -126.331 -68.7921 
21.7316 -120.539 -24.2606 89.9741 -125.185 -68.2564 
21.7316 -120.539 -24.2606 89.9741 -125.185 -68.2564 
167.179 123.279 -157.304 -89.9538 -55.9591 -102.772 
23.0101 -125.962 -21.0811 89.9418 -122.956 -66.9367 
165.157 126.165 -159.099 -90.0288 -57.103 -104.81 
19.8115 -126.297 -20.8854 89.9461 -122.823 -70.1595 
19.8115 -126.297 -20.8854 89.9461 -122.823 -70.1595 
161.836 126.32 -159.174 -89.9442 -57.1822 -108.207 
16.5273 -126.268 -20.8954 89.9626 -122.844 -73.473 
16.5273 -126.268 -20.8954 89.9626 -122.844 -73.473 
14.872 -126.173 -20.9666 89.9456 -122.867 -75.1099 
14.872 -126.173 -20.9666 89.9456 -122.867 -75.1099 
15.3287 -128.823 -19.3404 89.9599 -121.834 -74.6181 
14.6479 -91.1462 -40.5743 89.9656 -138.277 -75.3864 
14.9786 -94.3901 -38.8289 89.9656 -136.775 -75.0676 
14.9786 -94.3901 -38.8289 89.9656 -136.775 -75.0676 
15.2968 -97.595 -36.9873 89.9914 -135.314 -74.6737 
15.6458 -100.645 -35.4161 90.0485 -133.92 -74.3272 
15.6458 -100.645 -35.4161 90.0485 -133.92 -74.3272 
16.0223 -103.685 -33.7795 90.0025 -132.516 -73.9258 
16.4353 -106.67 -32.1575 89.9422 -131.165 -73.5266 
16.4353 -106.67 -32.1575 89.9422 -131.165 -73.5266 
16.4353 -106.67 -32.1575 89.9422 -131.165 -73.5266 
15.0688 -106.687 -32.1381 89.9695 -131.163 -74.9152 
13.7077 -106.671 -32.0718 89.942 -131.19 -76.2443 
13.7077 -106.671 -32.0718 89.942 -131.19 -76.2443 
12.3254 -106.545 -32.2057 89.9408 -131.242 -77.6712 
10.9339 -106.382 -32.2356 90.0438 -131.332 -79.0356 
10.9339 -106.382 -32.2356 90.0438 -131.332 -79.0356 
9.55576 -106.143 -32.3504 89.9658 -131.442 -80.4368 
8.15393 -105.802 -32.5849 90.0526 -131.582 -81.8009 
8.36571 -108.746 -30.9582 89.9403 -130.266 -81.5902 
8.58564 -111.612 -29.336 89.9979 -128.998 -81.3973 
8.81992 -114.433 -27.7297 89.9429 -127.79 -81.1445 
8.81992 -114.433 -27.7297 89.9429 -127.79 -81.1445 
10.2782 -114.732 -27.6318 90.0532 -127.63 -79.6793 
11.7985 -28.8432 -252.807 -90.0096 -168.357 101.811 
11.7985 -28.8432 -252.807 -90.0096 -168.357 101.811 
160.827 115.184 -152.592 -89.9583 -52.5714 -109.16 
14.7735 -115.276 -27.3603 89.9514 -127.38 -75.2644 
14.7735 -115.276 -27.3603 89.9514 -127.38 -75.2644 
16.2311 -115.32 -27.2581 90.0443 -127.378 -73.7384 
17.7052 -29.9361 -252.2 -89.9857 -167.807 107.748 
17.7052 -29.9361 -252.2 -89.9857 -167.807 107.748 
166.733 29.4857 72.4425 90.0468 -11.9664 76.7272 
20.588 -28.9687 -252.683 -89.9878 -168.284 110.581 
167.893 117.793 -154.188 -90.0209 -53.6629 -102.05 
21.7234 -120.552 -24.2127 89.9895 -125.193 -68.2234 
21.7234 -120.552 -24.2127 89.9895 -125.193 -68.2234 
167.193 123.276 -157.358 -89.9648 -55.9465 -102.757 
22.9916 -125.99 -21.019 89.9991 -122.944 -66.9825 
165.135 126.154 -159.074 -89.9597 -57.1148 -104.869 
19.8014 -126.296 -20.7691 89.9191 -122.858 -70.1889 
19.8014 -126.296 -20.7691 89.9191 -122.858 -70.1889 
161.841 126.31 -159.13 -89.9945 -57.1857 -108.157 
160.205 56.1091 58.8298 90.0222 -25.0343 70.1589 
160.205 56.1091 58.8298 90.0222 -25.0343 70.1589 
14.863 -126.166 -20.8234 90.0081 -122.918 -75.0904 
14.863 -126.166 -20.8234 90.0081 -122.918 -75.0904 
157.945 128.824 -160.712 -89.9364 -58.1443 -112.087 
14.6531 -91.1475 -40.5336 89.9646 -138.278 -75.2923 
167.512 94.4043 -141.263 -89.9607 -43.2157 -102.444 
167.512 94.4043 -141.263 -89.9607 -43.2157 -102.444 
15.3099 -97.5734 -37.1015 89.9894 -135.304 -74.6995 
166.948 100.669 -144.618 -89.9516 -46.1066 -103 
166.948 100.669 -144.618 -89.9516 -46.1066 -103 
166.64 103.666 -146.237 -89.9646 -47.4559 -103.399 
16.411 -106.641 -32.1528 90.0045 -131.193 -73.6461 
16.411 -106.641 -32.1528 90.0045 -131.193 -73.6461 
16.411 -106.641 -32.1528 90.0045 -131.193 -73.6461 
164.948 106.697 -147.913 -90 -48.8154 -105.07 
13.6955 -106.659 -32.1809 89.9611 -131.17 -76.2885 
13.6955 -106.659 -32.1809 89.9611 -131.17 -76.2885 
12.3101 -106.555 -32.1209 90.0016 -131.248 -77.7355 
10.9277 -106.38 -32.2961 89.976 -131.309 -79.0503 
10.9277 -106.38 -32.2961 89.976 -131.309 -79.0503 
9.55085 -106.124 -32.4725 89.9851 -131.411 -80.4815 
158.263 105.82 -147.447 -89.9696 -48.4212 -111.748 
8.35932 -108.752 -30.9461 90.0357 -130.263 -81.6034 
8.56869 -111.631 -29.3031 90.019 -129.006 -81.4492 
156.568 114.455 -152.311 -89.9486 -52.2336 -113.407 
156.568 114.455 -152.311 -89.9486 -52.2336 -113.407 
10.3176 -114.753 -27.6538 89.9619 -127.611 -79.7107 
159.415 115.03 -152.69 -90.0149 -52.4521 -110.547 
159.415 115.03 -152.69 -90.0149 -52.4521 -110.547 
13.2814 -115.208 -27.2448 89.9854 -127.469 -76.6984 
14.7894 -115.306 -27.1977 89.9261 -127.414 -75.1667 
14.7894 -115.306 -27.1977 89.9261 -127.414 -75.1667 
163.742 115.326 -152.746 -89.9808 -52.6025 -106.303 
165.222 115.331 -152.802 -89.9595 -52.5923 -104.731 
165.222 115.331 -152.802 -89.9595 -52.5923 -104.731 
19.157 -115.158 -27.4029 89.9822 -127.446 -70.7869 
20.6046 -115.038 -27.3838 89.9437 -127.519 -69.3849 
21.1605 -117.788 -25.8185 89.9275 -126.349 -68.8406 
21.7372 -44.0884 -245.055 -89.9886 -160.857 111.718 
21.7372 -44.0884 -245.055 -89.9886 -160.857 111.718 
22.3463 -123.276 -22.7095 89.9661 -124.036 -67.6239 
166.801 125.974 -158.907 -90.0044 -57.06 -103.18 
21.4174 -126.158 -20.9418 89.9839 -122.881 -68.6082 
19.8011 -56.1544 -238.816 -89.9775 -154.943 109.831 
19.8011 -56.1544 -238.816 -89.9775 -154.943 109.831 
18.1534 -126.318 -20.8307 90.0145 -122.836 -71.8428 
160.214 126.281 -159.169 -90.0063 -57.1422 -109.832 
160.214 126.281 -159.169 -90.0063 -57.1422 -109.832 
158.597 126.175 -159.122 -89.9449 -57.1114 -111.362 
158.597 126.175 -159.122 -89.9449 -57.1114 -111.362 
15.3308 -128.847 -19.3387 89.9566 -121.818 -74.6527 
167.78 91.139 -139.469 -89.9368 -41.7051 -102.204 
14.9561 -94.3671 -38.8139 90.0225 -136.784 -75.0978 
14.9561 -94.3671 -38.8139 90.0225 -136.784 -75.0978 
15.3059 -97.5718 -37.0632 89.9965 -135.327 -74.7462 
15.6523 -100.623 -35.4656 90.0122 -133.909 -74.3401 
15.6523 -100.623 -35.4656 90.0122 -133.909 -74.3401 
16.0282 -103.694 -33.7413 89.9659 -132.535 -73.9317 
166.295 106.665 -147.941 -89.9346 -48.7869 -103.649 
166.295 106.665 -147.941 -89.9346 -48.7869 -103.649 
166.295 106.665 -147.941 -89.9346 -48.7869 -103.649 
15.0635 -106.69 -32.1755 89.9681 -131.154 -74.9348 
13.6925 -106.683 -32.1088 89.987 -131.169 -76.2544 
13.6925 -106.683 -32.1088 89.987 -131.169 -76.2544 
12.3164 -106.547 -32.223 90.0045 -131.232 -77.6617 
160.905 106.376 -147.699 -89.9907 -48.6889 -109.076 
160.905 106.376 -147.699 -89.9907 -48.6889 -109.076 
159.557 106.133 -147.567 -89.9843 -48.5762 -110.446 
8.16847 -105.83 -32.5733 89.9855 -131.556 -81.8454 
8.3613 -108.749 -30.899 90.0103 -130.276 -81.6098 
8.58062 -111.631 -29.2999 90.0446 -129.002 -81.3771 
8.80309 -26.99 -253.698 -90.0007 -169.265 98.7969 
8.80309 -26.99 -253.698 -90.0007 -169.265 98.7969 
157.966 114.765 -152.448 -89.9207 -52.3741 -112.002 
11.7972 -29.0301 -252.661 -89.9891 -168.249 101.773 
11.7972 -29.0301 -252.661 -89.9891 -168.249 101.773 
13.305 -115.167 -27.4083 89.9587 -127.436 -76.65 
14.78 -115.309 -27.2747 90.008 -127.396 -75.1954 
14.78 -115.309 -27.2747 90.008 -127.396 -75.1954 
16.2528 -115.315 -27.2922 89.967 -127.385 -73.7038 
17.7058 -30.0428 -252.119 -90.0016 -167.741 107.697 
17.7058 -30.0428 -252.119 -90.0016 -167.741 107.697 
166.71 29.4499 72.5132 89.9599 -11.9488 76.732 
20.5981 -29.0099 -252.672 -89.9719 -168.257 110.624 
21.1596 -117.793 -25.8659 89.9605 -126.333 -68.8446 
21.7372 -120.56 -24.1986 89.9261 -125.173 -68.2759 
21.7372 -120.56 -24.1986 89.9261 -125.173 -68.2759 
22.3193 -50.1152 -241.914 -90.0315 -157.899 112.267 
166.822 55.5083 59.1172 90.0293 -24.731 76.8085 
21.4308 -55.9264 -238.94 -89.941 -155.075 111.473 
19.7908 -56.1104 -238.827 -90.0164 -154.967 109.811 
19.7908 -56.1104 -238.827 -90.0164 -154.967 109.811 
161.815 126.332 -159.216 -89.9649 -57.1597 -108.231 
160.187 126.284 -159.111 -89.951 -57.1736 -109.869 
160.187 126.284 -159.111 -89.951 -57.1736 -109.869 
14.8611 -126.163 -20.8403 90.0088 -122.926 -75.1521 
14.8611 -126.163 -20.8403 90.0088 -122.926 -75.1521 
15.3073 -128.834 -19.2748 90.0302 -121.861 -74.7109 
14.6471 -91.1456 -40.5916 89.9558 -138.276 -75.3013 
14.9593 -94.3647 -38.8308 89.9534 -136.788 -75.0302 
14.9593 -94.3647 -38.8308 89.9534 -136.788 -75.0302 
15.3008 -97.5785 -37.0184 89.9691 -135.332 -74.6539 
15.6601 -100.666 -35.3071 90.0224 -133.919 -74.301 
15.6601 -100.666 -35.3071 90.0224 -133.919 -74.301 
16.0184 -103.656 -33.7854 90.0348 -132.532 -73.9805 
16.4091 -106.656 -32.0928 90.0101 -131.199 -73.6387 
16.4091 -106.656 -32.0928 90.0101 -131.199 -73.6387 
16.4091 -106.656 -32.0928 90.0101 -131.199 -73.6387 
15.0427 -106.716 -32.0102 90.0064 -131.182 -74.9803 
163.595 106.673 -147.929 -90.0002 -48.81 -106.395 
163.595 106.673 -147.929 -90.0002 -48.81 -106.395 
12.3224 -106.56 -32.1686 89.9432 -131.231 -77.7257 
160.888 106.353 -147.644 -89.9808 -48.6961 -109.06 
160.888 106.353 -147.644 -89.9808 -48.6961 -109.06 
9.55603 -106.138 -32.4328 89.9994 -131.412 -80.4475 
158.266 105.812 -147.416 -90.0136 -48.4153 -111.73 
8.36706 -108.727 -31.0323 89.996 -130.253 -81.646 
8.58587 -111.626 -29.2684 90.0269 -129.013 -81.4501 
156.583 114.432 -152.301 -89.979 -52.2145 -113.366 
156.583 114.432 -152.301 -89.979 -52.2145 -113.366 
157.989 28.1424 73.0825 89.9863 -11.3065 68.0269 
159.394 29.0273 72.645 89.9843 -11.7557 69.4498 
159.394 29.0273 72.645 89.9843 -11.7557 69.4498 
13.3011 -115.207 -27.3444 89.9619 -127.424 -76.7071 
14.7948 -115.311 -27.2773 89.9368 -127.383 -75.167 
14.7948 -115.311 -27.2773 89.9368 -127.383 -75.167 
16.2544 -115.331 -27.2965 89.9408 -127.367 -73.7295 
17.7121 -115.278 -27.2842 90.0306 -127.411 -72.3238 
17.7121 -115.278 -27.2842 90.0306 -127.411 -72.3238 
166.732 29.4537 72.4744 90.0526 -11.9394 76.6966 
168.201 28.8579 72.7921 90.0196 -11.655 78.2007 
21.1618 -117.795 -25.862 89.9546 -126.338 -68.8829 
21.7346 -44.1338 -245.008 -89.9881 -160.843 111.73 
21.7346 -44.1338 -245.008 -89.9881 -160.843 111.73 
167.189 123.285 -157.365 -90.0043 -55.9599 -102.779 
22.9865 -125.961 -21.0649 90.0003 -122.971 -66.9652 
165.134 55.9154 58.9257 89.9864 -24.9269 75.1565 
19.791 -56.084 -238.844 -90.0034 -154.989 109.803 
19.791 -56.084 -238.844 -90.0034 -154.989 109.803 
18.1714 -56.1812 -238.791 -89.9532 -154.943 108.199 
16.5214 -126.265 -20.8782 90.0114 -122.836 -73.4707 
16.5214 -126.265 -20.8782 90.0114 -122.836 -73.4707 
14.8713 -126.155 -20.9927 89.9787 -122.862 -75.0735 
14.8713 -126.155 -20.9927 89.9787 -122.862 -75.0735 
15.3392 -128.865 -19.2685 89.9502 -121.836 -74.7155 
167.792 91.1141 -139.394 -89.9492 -41.7112 -102.253 
14.9702 -94.3836 -38.8612 89.9793 -136.765 -75.035 
14.9702 -94.3836 -38.8612 89.9793 -136.765 -75.035 
167.24 97.5414 -142.868 -89.9508 -44.6918 -102.791 
167.24 97.5414 -142.868 -89.9508 -44.6918 -102.791 
14.047 -97.6102 -37.092 89.9538 -135.279 -75.9139 
12.7456 -97.5421 -37.0481 90.0229 -135.334 -77.2555 
12.7456 -97.5421 -37.0481 90.0229 -135.334 -77.2555 
11.4684 -97.4237 -37.1944 90.0305 -135.377 -78.4795 
162.188 97.3059 -142.841 -90.0279 -44.5552 -107.806 
162.188 97.3059 -142.841 -90.0279 -44.5552 -107.806 
10.4094 -100.376 -35.5354 90.0178 -134.045 -79.5665 
9.1052 -100.128 -35.7543 89.9631 -134.127 -80.9391 
159.254 99.8184 -144.205 -89.9701 -45.6974 -110.742 
158.002 99.4401 -143.93 -89.9526 -45.5318 -111.981 
158.002 99.4401 -143.93 -89.9526 -45.5318 -111.981 
6.60256 -102.466 -34.3563 90.0194 -133.107 -83.4122 
6.77678 -105.464 -32.6984 89.9479 -131.747 -83.2413 
6.77678 -105.464 -32.6984 89.9479 -131.747 -83.2413 
6.92813 -108.333 -31.201 90.0399 -130.448 -83.0893 
7.11766 -111.248 -29.4967 89.963 -129.167 -82.926 
7.3275 -25.5098 -254.44 -89.9392 -169.997 97.308 
7.3275 -25.5098 -254.44 -89.9392 -169.997 97.308 
154.549 34.4793 69.9381 89.9579 -14.4232 64.5305 
9.05234 -117.241 -26.1513 89.9459 -126.571 -80.9156 
157.39 117.537 -153.953 -90.012 -53.5808 -112.585 
12.1218 -37.2913 -248.449 -89.9635 -164.188 102.1 
158.273 44.1228 65.002 90.0437 -19.1566 68.2453 
158.273 44.1228 65.002 90.0437 -19.1566 68.2453 
12.8156 -123.293 -22.6266 89.9464 -124.036 -77.2332 
13.2107 -125.98 -21.0177 89.9425 -122.958 -76.7871 
13.2107 -125.98 -21.0177 89.9425 -122.958 -76.7871 
13.5914 -128.665 -19.2857 90.0163 -121.948 -76.4255 
13.5914 -128.665 -19.2857 90.0163 -121.948 -76.4255 
15.3202 -128.832 -19.278 89.9566 -121.851 -74.6337 
14.6522 -91.1487 -40.4569 89.952 -138.303 -75.3081 
167.532 94.397 -141.275 -89.9498 -43.2041 -102.516 
167.532 94.397 -141.275 -89.9498 -43.2041 -102.516 
15.295 -97.5511 -37.122 89.9693 -135.317 -74.6865 
15.295 -97.5511 -37.122 89.9693 -135.317 -74.6865 
14.0278 -97.6214 -37.0231 90.0123 -135.293 -76.0035 
12.7722 -97.568 -37.1413 89.9463 -135.294 -77.1996 
12.7722 -97.568 -37.1413 89.9463 -135.294 -77.1996 
11.4634 -97.4522 -37.1207 90.0397 -135.376 -78.4881 
10.201 -97.2769 -37.2629 89.9655 -135.444 -79.7738 
10.201 -97.2769 -37.2629 89.9655 -135.444 -79.7738 
161.78 100.373 -144.433 -90.0145 -45.9701 -108.238 
160.504 100.124 -144.254 -89.9724 -45.8578 -109.52 
7.77099 -99.8121 -35.8272 89.9812 -134.297 -82.2814 
158.023 99.4314 -143.904 -90.0338 -45.5544 -111.925 
158.023 99.4314 -143.904 -90.0338 -45.5544 -111.925 
157.511 102.431 -145.487 -89.9966 -46.93 -112.446 
6.7755 -105.454 -32.773 89.9779 -131.742 -83.2161 
6.7755 -105.454 -32.773 89.9779 -131.742 -83.2161 
6.93564 -108.372 -31.1267 89.9721 -130.432 -83.1111 
155.838 111.203 -150.372 -90.0459 -50.8428 -114.179 
7.30949 -114.047 -27.9729 89.9923 -127.943 -82.6975 
7.30949 -114.047 -27.9729 89.9923 -127.943 -82.6975 
154.551 116.84 -153.632 -89.9921 -53.2595 -115.408 
9.03685 -117.206 -26.2164 89.9789 -126.576 -80.9928 
10.5884 -36.654 -248.784 -89.9472 -164.488 100.557 
12.1171 -37.32 -248.47 -89.9867 -164.171 102.17 
12.474 -44.2042 -244.948 -89.9322 -160.796 102.503 
12.474 -44.2042 -244.948 -89.9322 -160.796 102.503 
157.646 123.263 -157.26 -89.9528 -55.9716 -112.357 
13.1977 -125.991 -20.9934 89.9935 -122.962 -76.8165 
13.1977 -125.991 -20.9934 89.9935 -122.962 -76.8165 
156.325 60.4364 56.6727 90.0138 -27.1056 66.3183 
156.325 60.4364 56.6727 90.0138 -27.1056 66.3183 
15.3206 -128.845 -19.2488 90.0276 -121.851 -74.6994 
14.6261 -91.1095 -40.6038 90.0456 -138.284 -75.4098 
14.9535 -94.4032 -38.7089 89.9832 -136.79 -75.0155 
14.9535 -94.4032 -38.7089 89.9832 -136.79 -75.0155 
15.3067 -97.5574 -37.1191 90.0064 -135.314 -74.7164 
15.3067 -97.5574 -37.1191 90.0064 -135.314 -74.7164 
14.0418 -97.579 -37.0873 89.9426 -135.3 -75.9526 
12.738 -97.5266 -37.1281 90.0386 -135.334 -77.205 
12.738 -97.5266 -37.1281 90.0386 -135.334 -77.205 
11.4595 -97.4423 -37.1613 90.0405 -135.37 -78.5457 
10.1961 -97.3093 -37.1626 89.9391 -135.458 -79.8458 
10.1961 -97.3093 -37.1626 89.9391 -135.458 -79.8458 
10.4342 -100.37 -35.5461 89.9336 -134.03 -79.606 
9.10487 -100.143 -35.7138 89.9917 -134.13 -80.8978 
7.78289 -99.8235 -35.8783 89.9718 -134.266 -82.2476 
158.008 99.4003 -143.84 -89.9599 -45.5462 -111.986 
158.008 99.4003 -143.84 -89.9599 -45.5462 -111.986 
6.60294 -102.478 -34.4384 90.0169 -133.063 -83.4491 
6.77424 -105.45 -32.8398 89.9848 -131.713 -83.1967 
6.77424 -105.45 -32.8398 89.9848 -131.713 -83.1967 
156.399 108.351 -148.836 -89.9599 -49.5586 -113.575 
7.1214 -111.222 -29.5263 89.9452 -129.175 -82.9196 
7.29863 -25.336 -254.55 -90.0436 -170.082 97.2441 
7.29863 -25.336 -254.55 -90.0436 -170.082 97.2441 
7.49788 -34.5999 -249.827 -90.0076 -165.495 97.5068 
9.04476 -117.202 -26.1677 89.9917 -126.601 -80.9328 
10.5736 -117.545 -25.91 89.9896 -126.463 -79.3852 
12.1201 -117.788 -25.8064 90.0132 -126.355 -77.8404 
158.26 120.574 -155.722 -89.9675 -54.849 -111.699 
158.26 120.574 -155.722 -89.9675 -54.849 -111.699 
12.816 -123.271 -22.685 90.0013 -124.053 -77.2234 
156.996 125.979 -158.958 -89.9802 -57.0476 -113.033 
156.996 125.979 -158.958 -89.9802 -57.0476 -113.033 
13.6107 -60.4706 -236.61 -89.9838 -152.87 103.596 
13.6107 -60.4706 -236.61 -89.9838 -152.87 103.596 
15.3326 -128.84 -19.2089 89.9348 -121.865 -74.6307 
14.6542 -91.1488 -40.5005 89.9516 -138.299 -75.3765 
14.9648 -94.3993 -38.8459 89.9425 -136.761 -74.9784 
14.9648 -94.3993 -38.8459 89.9425 -136.761 -74.9784 
167.253 97.5852 -142.999 -90.0073 -44.6836 -102.8 
167.253 97.5852 -142.999 -90.0073 -44.6836 -102.8 
14.0264 -97.5895 -37.0914 90.0213 -135.311 -75.9901 
12.755 -97.5419 -37.1273 90.0493 -135.318 -77.2619 
12.755 -97.5419 -37.1273 90.0493 -135.318 -77.2619 
163.428 97.4585 -142.861 -89.9703 -44.6411 -106.584 
10.1868 -97.2701 -37.307 89.9689 -135.429 -79.8363 
10.1868 -97.2701 -37.307 89.9689 -135.429 -79.8363 
10.4025 -100.355 -35.5517 90.0449 -134.046 -79.5622 
9.10894 -100.136 -35.7362 89.9774 -134.136 -80.8676 
7.78195 -99.811 -35.8644 89.9515 -134.286 -82.1895 
158.019 99.4151 -143.867 -89.963 -45.5425 -111.955 
158.019 99.4151 -143.867 -89.963 -45.5425 -111.955 
6.61465 -102.475 -34.4476 89.9642 -133.072 -83.4388 
6.75378 -105.432 -32.8477 90.0568 -131.721 -83.2391 
6.75378 -105.432 -32.8477 90.0568 -131.721 -83.2391 
6.95292 -108.359 -31.1718 89.9408 -130.424 -83.0574 
7.10453 -111.241 -29.5123 90.042 -129.177 -82.916 
7.31493 -25.5386 -254.432 -89.9796 -169.975 97.3126 
7.31493 -25.5386 -254.432 -89.9796 -169.975 97.3126 
154.54 34.5772 69.8818 89.9437 -14.4624 64.5585 
9.03282 -35.7524 -249.219 -90.0114 -164.926 99.0611 
10.5775 -117.533 -25.9917 89.9977 -126.443 -79.3965 
158.849 117.821 -154.211 -89.9734 -53.6709 -111.096 
158.258 44.1169 65.0257 89.9407 -19.1419 68.2302 
158.258 44.1169 65.0257 89.9407 -19.1419 68.2302 
157.636 123.261 -157.25 -89.9539 -55.9809 -112.37 
157.004 55.5174 59.1467 89.9724 -24.7213 66.9512 
157.004 55.5174 59.1467 89.9724 -24.7213 66.9512 
13.5985 -128.652 -19.3511 89.9389 -121.924 -76.4375 
13.5985 -128.652 -19.3511 89.9389 -121.924 -76.4375 
15.3136 -128.824 -19.3461 89.9438 -121.837 -74.6611 
14.6387 -91.1031 -40.6026 89.9725 -138.295 -75.3047 
167.522 94.4149 -141.278 -89.9333 -43.2188 -102.51 
167.522 94.4149 -141.278 -89.9333 -43.2188 -102.51 
15.3036 -97.5405 -37.1402 90.0208 -135.315 -74.7031 
15.3036 -97.5405 -37.1402 90.0208 -135.315 -74.7031 
165.969 97.5515 -142.84 -89.9514 -44.6922 -103.984 
164.711 97.5509 -142.918 -90.0215 -44.6755 -105.261 
164.711 97.5509 -142.918 -90.0215 -44.6755 -105.261 
11.4684 -97.4552 -37.1564 90.005 -135.369 -78.586 
162.18 97.2719 -142.699 -90.0085 -44.5686 -107.769 
162.18 97.2719 -142.699 -90.0085 -44.5686 -107.769 
10.4233 -100.363 -35.6372 89.9985 -134.009 -79.5514 
160.506 100.149 -144.32 -89.9272 -45.8697 -109.509 
159.262 99.8409 -144.229 -89.9967 -45.6986 -110.738 
158.007 99.4254 -143.897 -89.9463 -45.5302 -112.017 
158.007 99.4254 -143.897 -89.9463 -45.5302 -112.017 
157.5 102.441 -145.551 -89.9749 -46.9153 -112.461 
156.963 105.429 -147.275 -89.9559 -48.2329 -113.034 
156.963 105.429 -147.275 -89.9559 -48.2329 -113.034 
156.408 108.345 -148.79 -89.9377 -49.5632 -113.55 
7.1036 -111.216 -29.5555 90.0166 -129.172 -82.9453 
7.32225 -114.04 -28.0072 89.9766 -127.935 -82.6631 
7.32225 -114.04 -28.0072 89.9766 -127.935 -82.6631 
7.48237 -116.829 -26.2964 90.0365 -126.773 -82.5299 
155.961 35.7017 69.2442 89.9836 -15.0445 65.9099 
10.5817 -117.553 -25.8793 89.9904 -126.471 -79.3676 
12.1288 -37.3172 -248.461 -90.0143 -164.171 102.121 
158.277 120.57 -155.77 -90.0228 -54.827 -111.765 
158.277 120.57 -155.77 -90.0228 -54.827 -111.765 
12.8077 -50.1385 -241.89 -89.9652 -157.882 102.766 
13.1923 -125.97 -21.0678 90.0518 -122.96 -76.856 
13.1923 -125.97 -21.0678 90.0518 -122.96 -76.856 
13.6168 -128.658 -19.3826 89.9315 -121.919 -76.3744 
13.6168 -128.658 -19.3826 89.9315 -121.919 -76.3744 
15.3344 -128.853 -19.3198 89.9537 -121.818 -74.6227 
