-0.47 -0.01 0.1 0.0 -1.57 0.0
-0.46 -0.01 0.1 0.0 -1.57 0.0
-0.46 -0.01 0.1 0.0 -1.57 0.0
-0.45 -0.01 0.1 0.0 -1.57 0.0
-0.45 -0.01 0.1 0.0 -1.57 0.0
-0.45 -0.00 0.1 0.0 -1.57 0.0
-0.45 0.01 0.1 0.0 -1.57 0.0
-0.45 0.01 0.1 0.0 -1.57 0.0
-0.45 0.02 0.1 0.0 -1.57 0.0
-0.45 0.03 0.1 0.0 -1.57 0.0
-0.45 0.03 0.1 0.0 -1.57 0.0
-0.44 0.03 0.1 0.0 -1.57 0.0
-0.44 0.04 0.1 0.0 -1.57 0.0
-0.44 0.05 0.1 0.0 -1.57 0.0
-0.44 0.06 0.1 0.0 -1.57 0.0
-0.44 0.06 0.1 0.0 -1.57 0.0
-0.43 0.06 0.1 0.0 -1.57 0.0
-0.42 0.06 0.1 0.0 -1.57 0.0
-0.42 0.06 0.1 0.0 -1.57 0.0
-0.41 0.06 0.1 0.0 -1.57 0.0
-0.40 0.06 0.1 0.0 -1.57 0.0
-0.39 0.06 0.1 0.0 -1.57 0.0
-0.39 0.06 0.1 0.0 -1.57 0.0
-0.38 0.06 0.1 0.0 -1.57 0.0
-0.38 0.05 0.1 0.0 -1.57 0.0
-0.38 0.04 0.1 0.0 -1.57 0.0
-0.38 0.03 0.1 0.0 -1.57 0.0
-0.37 0.03 0.1 0.0 -1.57 0.0
-0.37 0.03 0.1 0.0 -1.57 0.0
-0.36 0.03 0.1 0.0 -1.57 0.0
-0.35 0.03 0.1 0.0 -1.57 0.0
-0.35 0.03 0.1 0.0 -1.57 0.0
-0.34 0.03 0.1 0.0 -1.57 0.0
-0.34 0.03 0.1 0.0 -1.57 0.0
-0.34 0.02 0.1 0.0 -1.57 0.0
